1 100.000000 0.100000 39 1.000000 0.926064 1.022222 1.022222 0.425455 0.455446 0.687129
4 100.000000 0.000000 44 1.000000 0.918476 1.020000 1.020000 0.427097 0.451327 0.685664
1,100.000000,0.100000 39,1.000000,0.926064,1.022222,1.022222,0.425455,0.455446,0.687129
1,100.000000,0.180000 33,1.000000,1.013112,1.000000,1.000000,0.457021,0.465909,0.710000
1,500.000000,0.220000 37,1.000000,1.006912,1.000000,1.000000,0.440000,0.464286,0.700000
1,500.000000,0.220000 37,1.000000,1.006912,1.000000,1.000000,0.440000,0.464286,0.700000
1,500.000000,0.220000 37,1.000000,1.006912,1.000000,1.000000,0.440000,0.464286,0.700000
1,600.000000,0.220000 38,1.000000,1.006912,1.000000,1.000000,0.440000,0.464286,0.700000
1,1000.000000,0.220000 38,1.000000,1.006912,1.000000,1.000000,0.440000,0.464286,0.700000
1,2000.000000,0.220000 39,1.000000,1.006912,1.000000,1.000000,0.440000,0.464286,0.700000
1,10000.000000,0.220000 39,1.000000,1.006912,1.000000,1.000000,0.440000,0.464286,0.700000
1,500.000000,0.220000 37,1.000000,1.006912,1.000000,1.000000,0.440000,0.464286,0.700000
1,500.000000,0.280000 33,1.000000,1.026743,1.000000,1.000000,0.404651,0.455696,0.675949
1,500.000000,0.280000 33,1.000000,1.026743,1.000000,1.000000,0.404651,0.455696,0.675949
1,500.000000,0.240000 34,1.000000,1.059048,1.026316,1.026316,0.424000,0.464286,0.691429
1,500.000000,0.240000 33,1.000000,0.954496,1.000000,1.000000,0.438222,0.457831,0.695422
1,100.000000,0.160000 37,1.000000,0.979447,1.047619,1.047619,0.413846,0.458333,0.682500
1,100.000000,0.140000 36,1.000000,0.979607,1.000000,1.000000,0.423396,0.447917,0.681667
1,100.000000,0.160000 37,1.000000,0.979447,1.047619,1.047619,0.413846,0.458333,0.682500
1 100.000000 0.160000 37 1.000000 0.979447 1.047619 1.047619 0.413846 0.458333 0.682500
1 100.000000 0.140000 36 1.000000 0.979607 1.000000 1.000000 0.423396 0.447917 0.681667
1 100.000000 0.160000 37 1.000000 0.979447 1.047619 1.047619 0.413846 0.458333 0.682500
1 100.000000 0.160000 37 1.000000 0.979447 1.047619 1.047619 0.413846 0.458333 0.682500
1 100.000000 0.160000 37 1.000000 0.979447 1.047619 1.047619 0.413846 0.458333 0.682500
1 100.000000 0.100000 39 1.000000 0.926064 1.022222 1.022222 0.425455 0.455446 0.687129
1 100.000000 0.100000 39 1.000000 0.926064 1.022222 1.022222 0.425455 0.455446 0.687129
1 100.000000 0.180000 33 1.000000 1.013112 1.000000 1.000000 0.457021 0.465909 0.710000
1 100.000000 0.180000 33 1.000000 1.013112 1.000000 1.000000 0.457021 0.465909 0.710000
